data/new_diff.asc
ncols        100
nrows        50
xllcorner    0.000000000000
yllcorner    -50.000000000000
cellsize     1.000000000000
 0 9 0 5 13 9 10 14 13 11 8 11 4 8 9 6 13 4 15 15 18 21 22 27 34 25 11 1 0 0 0 6 22 14 14 7 0 2 0 0 0 0 0 9 17 0 0 6 0 0 2 3 0 8 18 25 19 15 6 8 8 9 9 0 2 0 4 3 0 0 0 1 3 0 2 13 26 24 29 9 5 15 5 15 17 15 20 22 18 13 18 15 10 15 9 17 13 18 24 51
 15 6 23 9 17 14 24 15 24 22 26 22 18 16 9 16 21 29 20 20 13 18 17 4 0 21 50 75 96 115 99 84 25 4 27 14 42 83 106 121 126 109 94 25 8 55 22 0 0 4 3 4 14 0 0 0 0 0 2 4 10 15 6 3 6 22 21 13 21 13 9 5 7 19 26 0 0 0 0 28 31 5 17 4 7 12 5 3 15 18 19 19 10 19 8 5 11 9 8 24
 20 8 1 12 13 10 5 21 14 9 6 0 4 4 1 13 0 0 25 30 50 80 57 132 172 176 197 207 232 226 190 185 204 210 207 210 218 231 244 252 241 248 221 199 172 129 54 17 20 13 32 35 37 93 119 117 118 62 42 37 34 33 40 69 57 85 74 65 33 37 47 49 47 50 19 88 154 100 67 0 0 0 34 32 25 20 6 5 0 6 20 18 14 15 19 12 11 11 11 20
 20 23 20 26 40 40 37 19 25 38 24 34 19 28 45 23 119 137 134 136 100 147 147 159 180 197 204 213 149 70 144 205 220 239 239 241 241 249 252 245 246 235 247 234 172 40 17 20 20 5 15 28 33 107 151 132 112 53 38 43 37 28 36 39 19 46 107 96 92 6 10 16 14 0 46 110 143 160 195 176 149 94 0 0 0 2 38 39 100 76 37 52 43 44 39 46 41 40 38 36
 15 18 33 36 0 0 0 0 0 0 0 0 0 0 3 162 197 200 198 177 171 121 182 179 163 182 180 192 133 58 4 31 21 43 177 240 240 244 254 252 246 247 218 182 109 35 17 6 14 15 12 10 24 0 22 0 0 16 17 5 12 24 33 0 96 162 114 48 55 129 97 90 132 180 215 229 236 214 230 232 229 204 163 146 166 138 33 64 121 168 130 104 12 25 5 6 9 6 3 0
 102 19 17 32 130 184 198 194 179 177 153 137 124 146 148 184 181 195 222 226 225 157 139 208 172 167 226 202 197 208 190 81 12 12 79 172 239 253 246 253 242 225 181 131 0 0 23 27 11 7 15 12 30 9 38 109 147 154 121 105 95 33 37 71 130 145 119 136 163 221 179 210 229 228 231 222 223 223 222 220 227 222 228 216 218 223 193 197 213 229 214 216 190 193 160 135 132 139 148 134
 178 157 109 82 171 217 213 213 214 194 186 212 220 215 210 206 193 214 228 215 222 225 219 220 244 206 207 107 70 190 230 205 125 34 23 173 244 249 253 215 169 80 75 65 116 118 46 11 14 0 21 11 0 96 147 137 117 148 142 134 147 119 136 163 184 186 204 212 207 213 205 225 226 204 203 208 215 213 191 205 212 197 183 182 199 230 224 209 226 224 228 211 220 221 228 224 226 235 246 226
 30 90 79 88 166 176 191 180 180 191 196 183 185 199 209 174 192 200 196 213 231 229 226 227 177 123 149 107 151 170 183 159 59 36 8 88 222 247 157 2 0 2 24 44 105 100 32 34 23 27 11 69 141 165 117 37 106 128 142 128 144 151 170 161 158 157 157 160 179 206 213 219 199 181 162 169 168 170 171 185 186 178 140 179 191 192 193 215 227 220 226 231 220 211 200 215 232 218 200 162
 21 20 23 68 126 176 192 152 113 103 126 165 160 175 160 148 150 166 146 171 189 192 210 201 69 3 5 30 190 236 181 143 137 0 12 0 57 117 37 16 42 36 36 11 0 0 10 26 43 36 17 98 147 98 64 28 108 142 137 158 166 156 153 161 151 165 149 175 198 190 195 184 188 181 169 153 153 153 156 164 159 187 187 171 189 184 180 179 203 165 148 156 156 97 161 160 116 107 0 3
 3 23 40 47 47 80 88 25 0 0 0 0 48 123 147 120 140 151 157 156 158 145 148 175 188 175 148 69 163 213 211 206 208 103 27 31 0 0 25 27 29 17 13 18 34 33 32 20 35 37 37 36 12 44 61 97 165 154 142 177 181 174 181 192 207 196 173 197 207 210 208 202 199 191 169 161 156 145 141 124 177 176 183 184 184 183 194 179 105 31 3 10 9 168 198 66 0 6 17 35
 23 25 22 40 40 8 0 0 17 27 34 25 6 3 89 124 130 142 197 231 199 196 164 149 147 176 201 163 191 187 168 164 135 154 107 10 24 15 16 13 13 15 10 7 8 7 27 35 36 32 39 35 30 48 75 105 124 100 146 166 221 212 212 220 230 221 223 246 240 235 231 229 219 202 170 166 168 177 155 138 95 137 171 133 113 184 158 136 135 100 53 42 27 139 81 0 42 20 35 25
 0 0 0 0 0 2 16 8 4 2 0 6 15 19 24 65 83 92 100 134 200 198 192 132 120 99 107 133 142 159 141 106 82 82 118 49 36 38 0 0 0 7 7 4 0 0 17 32 43 37 40 31 69 78 52 46 50 105 119 114 145 159 175 207 214 247 244 230 238 232 232 230 232 217 216 187 208 174 137 179 171 227 255 177 207 185 98 117 73 69 41 22 41 0 0 11 1 0 0 4
 0 0 3 9 7 1 2 0 3 9 1 12 3 21 22 11 74 94 122 122 145 132 89 87 73 58 85 125 93 91 86 55 35 43 40 43 28 19 5 9 1 14 13 13 9 0 4 9 22 47 32 70 85 62 52 46 57 46 37 18 0 67 93 45 136 191 166 137 126 130 166 191 206 203 229 201 170 179 148 145 191 221 215 138 166 138 95 74 9 102 55 9 1 9 12 6 1 10 0 3
 0 8 0 0 7 8 3 14 1 1 14 2 7 14 4 40 112 158 186 181 171 78 98 103 89 98 113 97 56 29 34 31 17 0 0 4 16 0 0 0 4 17 17 10 0 2 12 39 53 65 64 27 20 46 54 54 53 46 53 97 134 178 158 44 88 131 130 119 77 127 193 172 177 170 150 153 152 156 134 159 121 92 91 86 61 57 40 16 42 85 37 0 1 0 4 2 7 7 0 0
 12 0 2 8 3 8 10 2 13 2 0 0 1 0 11 8 80 130 107 120 145 96 79 80 71 74 60 31 48 43 22 0 5 2 1 0 0 1 0 13 22 24 21 7 0 7 2 31 61 62 58 36 40 21 30 19 33 55 44 130 159 167 178 115 91 109 123 118 113 172 210 142 144 152 177 164 183 147 136 126 103 79 85 63 59 42 24 38 42 11 0 5 2 10 12 5 0 2 8 0
 6 6 7 3 4 8 6 9 5 9 6 6 2 0 3 4 45 98 105 95 104 98 88 65 55 46 38 41 50 14 0 3 10 17 4 3 0 3 15 16 17 11 7 0 0 14 3 32 80 119 129 149 144 79 23 7 45 0 22 37 120 140 111 136 134 116 114 122 171 124 131 164 143 141 151 144 120 119 81 73 60 71 79 76 50 45 39 24 31 13 2 2 1 11 17 5 1 12 9 16
 8 6 0 0 2 2 1 7 7 6 7 9 8 6 5 6 4 47 105 80 110 98 63 57 47 33 34 38 31 0 6 9 8 3 0 0 0 9 20 18 3 6 2 0 17 7 35 101 135 172 173 188 188 162 139 152 177 156 133 139 158 182 168 136 147 121 134 152 130 110 106 97 121 122 121 115 105 79 47 45 43 71 56 62 50 42 15 0 17 9 0 5 4 8 9 6 6 5 7 7
 8 10 10 10 6 0 0 1 7 7 9 10 7 5 5 7 2 13 62 59 72 92 74 47 26 24 28 38 35 0 0 4 7 2 0 0 4 18 14 0 0 0 3 0 0 57 134 168 172 190 171 163 174 181 179 193 201 194 194 132 148 168 175 161 105 120 116 132 121 148 132 88 71 83 90 68 52 50 47 42 42 39 34 43 47 27 7 0 13 18 11 7 1 0 4 3 1 1 1 1
 2 7 12 13 10 11 12 10 6 5 7 7 5 2 4 6 9 1 28 46 54 88 65 17 22 25 20 34 45 18 4 0 0 2 2 0 5 11 12 8 0 8 0 8 13 123 179 179 173 189 183 172 178 191 180 181 185 198 180 136 92 144 163 187 165 148 81 33 67 103 86 72 71 72 71 48 41 30 39 51 46 45 43 31 13 0 2 2 4 12 5 0 8 8 3 0 0 0 3 3
 9 14 15 5 0 12 15 3 3 6 6 6 3 0 4 6 2 11 17 27 29 52 47 40 34 28 7 11 23 33 28 18 19 5 0 0 17 16 5 1 10 5 9 30 11 134 190 187 202 195 186 182 195 205 179 166 196 196 179 159 108 119 165 179 179 162 73 0 17 39 58 63 64 50 43 37 57 37 39 60 50 40 20 19 0 0 5 1 0 17 17 3 8 1 2 0 0 2 10 12
 13 11 10 1 0 0 4 0 3 4 5 5 3 3 5 8 1 11 8 11 16 19 25 38 30 18 17 35 20 14 10 10 32 14 0 0 13 12 3 1 7 5 14 23 14 108 140 159 175 167 166 166 186 206 202 199 187 183 173 137 110 88 143 160 123 66 0 13 4 11 64 72 45 24 24 27 55 57 63 57 38 10 0 28 22 0 0 0 0 16 12 0 0 0 4 8 0 3 7 8
 4 0 5 7 3 0 0 3 0 2 3 4 3 3 3 6 8 0 5 14 20 14 6 0 14 26 35 25 2 27 37 16 43 23 0 0 3 16 11 1 0 3 0 0 29 77 66 85 114 120 129 124 138 147 143 134 143 147 121 92 94 106 97 94 48 4 7 6 0 6 40 53 35 2 12 18 28 43 60 38 24 6 17 45 41 0 0 2 3 8 0 0 0 0 9 11 12 4 0 0
 7 4 5 8 11 3 0 0 0 0 0 5 5 5 6 5 5 0 8 11 8 11 6 5 8 2 18 38 33 37 43 45 33 34 27 8 0 0 3 8 5 0 0 6 7 29 46 49 65 63 58 63 85 85 76 58 77 93 89 63 70 102 128 137 64 7 25 0 0 7 14 43 28 0 8 22 27 37 49 45 31 22 33 32 38 9 1 2 8 19 15 12 5 6 14 13 17 9 2 0
 7 8 0 0 12 19 9 0 1 1 3 7 8 9 9 9 7 7 5 2 5 19 4 11 12 23 29 21 21 34 34 26 20 24 35 34 18 6 4 2 14 10 4 11 8 0 21 32 39 40 39 45 53 34 43 51 43 50 56 84 75 92 121 92 7 6 19 19 2 8 24 15 5 3 0 9 30 35 28 42 45 33 34 11 11 13 0 4 4 11 9 15 12 19 16 3 7 7 5 2
 4 5 4 0 0 9 13 6 3 6 4 6 11 8 4 5 4 4 5 6 6 8 12 13 21 32 18 30 34 23 27 11 21 26 13 25 56 22 0 0 7 17 13 10 3 1 0 2 1 4 0 33 41 23 27 27 23 40 37 71 96 89 68 22 0 2 0 14 19 8 27 0 0 0 7 3 10 28 28 34 37 7 11 9 15 26 12 3 7 7 0 0 5 29 13 0 5 10 9 3
 0 1 5 2 1 0 2 2 4 5 4 5 7 7 8 12 5 4 6 8 8 9 9 11 27 24 29 37 35 22 22 24 22 27 29 29 42 42 39 19 3 2 4 0 0 7 10 1 0 3 4 16 36 31 34 20 23 16 48 63 82 65 6 14 6 17 0 1 9 13 17 3 4 2 6 0 0 9 23 43 27 15 26 25 18 24 25 29 15 19 26 21 19 27 15 1 11 11 6 4
 0 0 3 5 16 1 0 3 1 2 6 8 2 1 1 2 6 3 6 10 10 7 5 7 1 11 6 61 36 34 40 31 30 30 39 40 40 51 75 72 29 0 0 2 3 6 19 6 2 6 14 7 26 44 37 25 28 30 42 74 69 27 13 0 9 24 15 0 1 25 18 1 12 6 10 0 0 0 16 41 42 39 42 27 1 0 13 33 20 15 27 24 10 15 18 12 13 8 0 0
 6 3 3 7 26 11 3 3 0 0 4 9 2 1 6 6 7 6 9 13 11 5 4 7 7 4 0 43 61 20 36 40 39 40 40 44 57 55 70 84 34 5 3 8 6 9 16 5 5 9 11 6 8 50 30 30 29 22 46 64 57 28 14 5 10 6 22 13 0 22 18 4 14 6 10 0 0 0 4 16 25 24 24 31 29 24 38 48 49 36 28 18 4 8 13 8 13 3 0 0
 21 14 6 2 19 11 3 3 11 6 10 9 1 1 11 12 8 10 14 15 10 5 5 10 9 9 1 0 65 69 39 33 40 52 50 47 69 67 58 46 4 6 7 7 6 22 16 0 5 6 7 2 2 63 47 45 40 31 55 53 64 36 6 34 13 0 15 15 3 2 1 13 16 10 15 0 0 2 4 5 0 0 0 19 56 60 63 58 45 40 24 11 11 14 11 3 13 7 6 13
 30 21 4 0 5 6 5 10 24 19 18 13 6 2 4 6 6 10 14 12 7 3 5 8 0 8 0 0 27 83 93 65 42 49 62 62 64 63 59 32 0 8 5 6 5 21 13 7 1 0 6 3 14 88 98 83 77 77 70 65 53 29 52 50 0 8 21 8 13 3 0 9 8 12 23 2 3 4 9 4 3 15 21 50 83 88 90 89 72 73 50 24 14 8 2 0 14 10 16 22
 30 16 0 0 0 9 9 15 8 8 8 10 11 8 6 9 6 10 13 10 7 7 5 4 6 0 4 14 9 2 121 122 45 39 59 69 59 49 54 31 10 5 5 7 7 8 7 8 0 0 1 12 16 93 133 126 125 97 93 66 24 25 78 48 0 22 20 8 17 14 0 0 0 2 20 0 0 0 4 1 0 38 73 95 118 120 118 122 119 113 87 58 32 23 28 22 17 12 13 15
 31 11 0 2 0 12 6 7 4 5 1 2 8 8 7 11 9 13 12 8 7 10 9 4 5 5 6 8 17 2 103 119 49 40 52 61 60 48 39 8 0 0 5 2 4 8 9 0 0 0 0 25 2 74 125 137 142 101 87 67 25 16 68 37 0 11 0 11 11 9 6 3 0 2 17 0 0 0 9 11 16 65 94 98 119 126 119 117 145 131 107 77 36 22 31 19 23 14 4 2
 29 1 0 3 3 6 7 6 11 14 12 6 0 2 6 10 11 14 11 8 8 12 14 12 13 7 3 1 9 4 106 112 61 56 52 50 43 27 10 3 6 1 1 3 3 9 11 5 4 0 15 18 0 44 114 130 119 83 67 50 11 2 35 11 0 2 8 6 3 12 13 4 3 2 15 7 7 14 3 3 9 73 105 93 102 112 111 135 176 145 105 83 51 0 23 23 14 18 0 6
 25 2 0 4 0 4 6 6 6 7 9 8 9 10 7 4 11 15 12 9 7 6 10 11 16 11 0 4 4 13 99 103 87 60 65 62 35 11 1 15 28 18 8 5 10 17 15 6 0 10 17 6 0 21 72 114 97 80 49 26 6 2 19 12 0 8 12 8 2 7 13 14 6 8 23 21 23 26 7 2 0 42 107 106 108 120 110 138 151 133 114 90 26 6 37 18 15 18 8 3
 6 0 1 8 6 7 7 6 5 3 2 1 3 7 6 4 5 8 9 8 6 5 11 15 4 11 1 0 0 22 96 96 71 49 63 44 10 2 0 7 10 12 9 5 10 15 10 4 8 9 1 0 6 4 30 77 73 39 13 20 6 0 11 10 17 15 6 1 0 0 4 14 14 8 9 1 2 9 1 2 13 26 75 74 63 69 65 89 109 117 97 67 10 4 19 30 24 25 28 11
 4 0 2 3 2 5 2 1 4 5 4 2 0 2 5 7 5 5 6 8 4 2 10 19 19 9 0 0 7 32 95 90 63 52 47 16 0 0 1 0 0 8 9 6 13 17 10 6 10 0 0 0 0 0 10 21 16 14 7 4 0 5 19 9 9 8 0 0 4 2 4 16 13 7 7 2 1 4 0 0 5 0 6 8 1 3 7 17 50 78 67 36 5 0 0 25 25 35 36 22
 31 17 8 0 0 0 0 1 2 5 9 8 8 7 8 8 9 8 9 10 6 1 6 14 23 7 4 8 9 29 80 93 58 42 8 0 0 0 5 6 3 8 2 0 10 17 10 5 0 0 3 2 0 4 9 0 12 24 6 0 6 17 11 12 11 4 0 0 0 0 2 16 12 11 15 15 14 11 4 4 6 6 3 6 7 2 1 2 0 17 44 26 0 0 0 0 27 41 26 20
 33 18 7 0 0 0 0 2 2 0 0 2 6 8 10 9 10 11 13 12 9 6 9 10 3 12 9 15 6 58 85 92 35 23 0 0 0 0 2 0 0 0 0 0 4 10 9 6 5 3 3 5 8 4 1 4 2 0 0 10 27 26 19 26 21 9 0 0 13 15 7 0 9 7 10 12 13 12 12 14 8 5 12 1 1 3 0 0 0 0 26 21 0 0 5 0 29 44 26 27
 13 2 0 0 1 0 0 0 4 0 0 0 0 1 6 11 13 13 13 11 10 9 10 10 4 12 0 6 16 96 94 71 35 33 11 3 8 8 7 0 0 2 5 7 4 5 11 15 14 5 0 7 15 4 0 10 0 0 12 9 1 7 10 2 10 3 5 19 41 46 29 4 3 3 5 11 15 12 12 13 19 12 16 3 0 6 3 15 11 1 13 9 7 0 1 12 31 39 28 22
 14 5 2 2 6 6 0 7 2 4 8 8 3 1 6 14 18 19 14 7 4 6 8 7 4 2 0 0 10 69 68 56 41 35 33 21 17 22 28 30 25 13 6 4 0 4 9 10 21 22 24 18 14 17 20 15 18 9 0 0 12 18 13 9 6 2 1 1 10 29 36 27 4 0 0 2 7 7 12 14 16 13 6 9 3 1 13 10 9 12 8 0 4 8 5 21 44 37 21 0
 4 5 2 1 6 8 9 13 19 16 15 16 14 9 5 5 14 16 11 7 2 15 10 2 2 4 0 2 0 14 58 39 25 18 4 1 0 7 8 35 27 17 17 7 5 2 9 8 22 17 16 13 7 3 4 9 9 5 0 0 4 6 4 4 14 5 2 0 13 12 23 34 12 0 2 0 13 18 14 11 13 7 5 4 2 1 5 8 12 9 21 14 6 7 3 6 24 2 0 0
 3 4 4 3 9 12 13 18 19 14 9 7 8 6 6 6 6 0 0 3 0 0 10 7 3 3 0 0 0 0 3 22 0 0 5 7 17 18 12 17 18 24 25 12 11 4 3 0 0 0 0 0 0 0 0 1 0 0 0 15 0 14 17 19 12 16 27 30 27 21 26 31 40 37 18 29 1 0 12 18 29 14 24 30 12 11 17 0 10 34 26 26 31 23 14 1 0 0 0 0
 3 10 16 17 16 14 17 21 12 9 8 6 7 5 2 0 0 2 1 0 4 8 23 14 10 17 12 0 16 16 22 0 58 99 73 18 7 17 8 0 7 11 6 0 9 21 26 19 30 31 32 29 25 26 25 23 34 29 17 0 17 0 0 0 1 0 0 0 0 0 17 19 0 0 0 0 25 52 4 1 0 4 0 0 3 2 0 4 1 0 0 0 0 9 37 35 23 23 18 14
 11 10 11 11 8 6 7 7 21 26 33 35 35 34 37 37 37 28 17 28 26 0 0 0 8 3 23 35 14 24 18 136 214 127 16 25 0 0 0 0 0 0 20 39 27 0 0 0 0 0 0 0 0 0 1 0 0 0 13 53 0 60 116 142 189 192 149 125 123 87 22 4 127 181 174 168 204 208 211 194 174 201 182 170 204 202 188 216 193 158 156 135 79 33 2 0 0 5 14 8
 39 27 19 19 20 27 27 20 0 0 0 0 0 0 1 0 0 3 3 5 0 45 87 54 25 16 10 4 30 158 195 218 229 134 0 47 37 24 15 21 29 16 7 0 0 48 118 150 171 177 180 176 182 187 190 187 171 176 199 221 198 218 240 243 238 246 239 232 223 217 203 202 236 233 244 233 235 246 249 238 237 246 244 239 246 246 242 244 247 236 241 235 226 211 184 176 129 45 33 37
 6 0 4 4 0 0 1 0 78 105 133 139 134 140 165 189 171 167 157 155 149 194 229 214 203 209 186 191 214 211 244 230 229 135 25 32 4 0 24 5 0 14 81 166 201 223 238 242 245 248 247 243 243 247 245 242 239 241 241 240 241 240 239 240 237 242 232 228 231 236 236 241 237 231 235 244 236 240 235 234 238 231 238 240 230 233 239 229 234 240 232 234 240 244 228 186 126 26 0 0
 146 134 130 124 124 149 189 209 230 235 238 241 243 244 242 239 243 243 237 239 241 238 232 238 249 235 232 251 240 236 232 227 224 230 213 198 179 160 160 151 182 196 220 245 244 242 238 240 239 239 239 237 236 238 236 234 237 235 233 235 240 241 237 234 238 233 246 244 231 229 240 232 225 242 233 237 239 238 238 246 236 233 233 234 235 236 238 240 233 235 234 239 231 225 217 176 165 175 174 161
 244 236 239 244 240 245 253 247 242 243 241 238 238 240 239 237 240 238 244 236 240 236 234 233 231 235 229 233 238 237 237 236 235 231 238 236 244 245 237 245 237 247 236 231 234 241 234 242 240 240 240 240 240 240 239 236 237 236 237 239 235 239 239 242 240 240 237 232 246 237 234 237 241 234 240 238 243 238 239 237 237 236 235 236 236 232 231 234 241 231 234 237 232 213 204 233 239 247 238 243
 224 226 228 229 229 227 226 225 229 231 234 234 233 233 233 233 238 238 238 238 239 238 238 237 237 237 238 239 238 237 234 233 231 231 234 235 236 236 237 238 238 238 238 238 239 239 239 238 241 240 239 240 240 240 240 238 238 238 239 240 240 240 240 240 240 239 239 239 239 238 238 239 238 239 239 240 239 239 240 240 239 239 239 239 239 239 238 238 238 238 239 240 237 232 224 219 210 216 224 228
 234 235 236 236 234 231 230 229 230 232 235 236 235 235 235 235 239 238 238 239 240 240 239 238 237 238 238 238 238 237 236 236 239 240 240 240 240 240 240 241 239 240 240 240 240 240 240 239 241 240 239 240 240 240 240 239 238 239 239 240 240 240 240 240 240 239 239 239 239 239 239 240 239 240 240 240 239 239 240 240 240 240 240 240 240 240 239 239 239 239 239 239 240 241 239 238 238 240 241 241
